11.579284
26.922979
26.022236
26.192812
32.306435
30.733355
32.718468
32.043041
32.470249
4.353115
24.041023
19.380272
24.981140
8.923411
10.115376
26.822924
32.428913
11.741272
19.695219
24.955347
27.004314
9.566286
3.433341
26.053219
9.122011
29.582333
15.428736
18.219383
29.339161
20.750328
24.188101
6.918443
13.673310
16.210337
33.111256
11.979745
12.943692
31.829721
10.022785
11.413942
2.182836
0.063809
30.794214
27.163977
8.987221
6.909590
19.986898
7.416135
18.650862
5.682117
32.371483
11.655176
15.248404
1.804823
3.708393
24.370415
31.387156
19.137129
8.589798
26.726315
5.887457
32.777897
33.644760
19.560766
14.988235
32.756012
31.540512
27.931929
30.585733
7.563297
5.345870
32.768570
7.627107
2.140084
25.932547
16.614328
9.049673
11.919445
24.030462
27.700537
17.601561
22.401943
5.355712
32.849964
24.206768
9.064104
23.220379
21.593924
28.201233
31.810177
14.320239
0.088691
30.588078
13.964996
19.649460
11.576312
12.721008
17.189970
5.508239
9.306743
24.753267
10.854110
8.075312
32.380375
12.994193
0.007857
14.994701
22.043867
11.927301
5.025165
15.744403
29.528864
27.427109
21.100113
28.378828
17.633877
30.164221
17.599209
5.227801
24.365454
15.409385
19.548040
24.454144
11.997461
33.513035
10.103603
23.573772
12.234044
27.293573
29.082012
21.540787
18.046841
5.936122
29.616096
16.427216
18.930315
29.623955
31.421917
6.974182
7.551256
2.447081
22.718586
3.080120
29.874189
9.818700
31.458948
13.508067
5.982920
15.058156
18.735868
30.348373
30.467541
4.283908
20.802517
8.465003
3.796944
30.906120
32.038776
16.030989
24.199696
27.120789
3.571775
8.246536
33.056911
33.187874
24.673752
17.987225
28.811827
22.095669
24.961409
2.363084
24.542749
13.679994
5.443204
20.416939
23.498693
2.902152
33.925007
29.481613
17.960308
18.660875
25.829987
14.427850
22.944784
12.632504
22.892853
26.741730
9.538626
20.931629
8.772717
33.738323
14.052417
12.344493
7.984858
13.109328
11.532365
32.658607
31.096552
6.344193
20.754278
22.057962
8.707277
11.297027
1.737955
14.150481
31.713966
25.236649
17.052633
31.638973
20.718262
1.012941
16.299850
12.548247
15.440792
5.244634
25.180752
4.333644
31.986361
0.719378
25.265274
6.759079
0.457700
5.317690
19.103571
8.442558
18.427019
30.635939
7.101168
15.523571
2.980131
27.855446
3.581533
11.687407
5.152472
5.319488
25.837891
2.866438
30.556137
8.890523
0.505411
17.274395
9.903464
16.805260
29.822643
25.344255
22.049894
21.003397
29.677898
20.036257
21.722775
20.943172
26.795336
22.180473
26.260862
11.898908
30.623034
10.687881
8.534844
3.724201
26.211454
11.514975
31.579645
29.792986
23.202383
2.732118
1.112473
15.040273
5.598556
31.668608
23.930796
6.103968
14.943005
33.834259
22.909227
10.765648
25.178514
10.959122
31.769043
20.856415
30.995378
19.491819
7.799588
23.790714
7.672294
0.060451
1.689620
4.295326
10.748332
10.224465
8.019526
2.959785
21.739441
5.599174
32.752769
10.941824
8.331291
33.865242
25.982096
13.929848
31.533852
